--------0-------
0 10 20 40 70 50 
0 0 1 2 2 3 
--------1-------
2147483646 0 10 30 60 40 
2147483646 1 1 2 2 3 
--------2-------
2147483646 2147483646 0 20 50 30 
2147483646 2147483646 2 2 2 3 
--------3-------
2147483646 2147483646 2147483646 0 2147483646 10 
2147483646 2147483646 2147483646 3 2147483646 3 
--------4-------
2147483646 2147483646 2147483646 2147483646 0 10 
2147483646 2147483646 2147483646 2147483646 4 4 
--------5-------
2147483646 2147483646 2147483646 2147483646 2147483646 0 
2147483646 2147483646 2147483646 2147483646 2147483646 5 
